38
37
37
36
35
35
34
33
33
32
31
31
30
29
29
28
27
27
26
25
25
24
23
23
22
21
21
20
19
19
18
17
17
16
15
15
14
13
13
12
11
11
10
9
9
8
7
7
6
5
5
4
3
3
2
1
1
37
37
36
25
25
24
13
13
12
1
1
0
33
33
32
26
26
25
19
19
18
12
12
11
5
5
4
37
23
23
22
8
8
7
38
37
37
36
35
35
34
33
33
32
31
31
30
29
29
28
27
27
26
25
25
24
23
23
22
21
21
20
19
19
18
17
17
16
15
15
14
13
13
12
11
11
10
9
9
8
7
7
6
5
5
4
3
3
2
1
1
27
27
26
15
15
14
3
3
2
36
36
35
29
29
28
22
22
21
15
15
14
8
8
7
1
1
0
31
31
30
16
16
15
1
1
0
38
37
37
36
35
35
34
33
33
32
31
31
30
29
29
28
27
27
26
25
25
24
23
23
22
21
21
20
19
19
18
17
17
16
15
15
14
13
13
12
11
11
10
9
9
8
7
7
6
5
5
4
3
3
2
1
1
29
29
28
17
17
16
5
5
4
32
32
31
25
25
24
18
18
17
11
11
10
4
4
3
24
24
23
9
9
8
38
37
37
36
35
35
34
33
33
32
31
31
30
29
29
28
27
27
26
25
25
24
23
23
22
21
21
20
19
19
18
17
17
16
15
15
14
13
13
12
11
11
10
9
9
8
7
7
6
5
5
4
3
3
2
1
1
31
31
30
19
19
18
7
7
6
35
35
34
28
28
27
21
21
20
14
14
13
7
7
6
0
0
32
32
31
17
17
16
2
2
1
